     0/299     5.51G    0.1242   0.02715   0.03916    0.1905       109       416  0.001435   0.01356 4.687e-05 8.079e-06    0.1124   0.07438   0.03352
     1/299     6.54G    0.1178   0.03094   0.03101    0.1797        99       416  0.001527   0.01498 4.262e-05 6.129e-06     0.104   0.08872   0.02839
     2/299     6.54G    0.1143   0.03205   0.02793    0.1743        89       416  0.001415   0.03152 5.779e-05  9.88e-06   0.09967   0.09309   0.02544
     3/299     6.54G    0.1106   0.03338    0.0262    0.1702        95       416  0.007344    0.2672  0.003268 0.0005781   0.09621   0.09387   0.02319
     4/299     6.54G    0.1078   0.03323   0.02364    0.1646        85       416   0.03906    0.1041   0.02646  0.005716   0.09423   0.08983   0.02074
     5/299     6.54G    0.1046   0.03315   0.02166    0.1594        83       416     0.583    0.1451   0.06474   0.01616   0.09204   0.08667    0.0182
     6/299     6.54G    0.1018   0.03205   0.01901    0.1528        70       416    0.5806    0.1651    0.0736   0.01861    0.0888    0.0836   0.01581
     7/299     6.54G   0.09801   0.03242   0.01662     0.147        86       416    0.6072    0.2963    0.1115   0.02864   0.08691   0.07846   0.01352
     8/299     6.54G   0.09293   0.02998   0.01449    0.1374        83       416    0.6465    0.2448    0.2007   0.05299   0.08048    0.0775   0.01143
     9/299     6.54G   0.08944   0.02943   0.01266    0.1315        86       416    0.2103    0.5897    0.3158   0.08461   0.08129   0.07142  0.009116
    10/299     6.54G   0.08566   0.02843   0.01092     0.125       117       416    0.3583    0.6448    0.5069    0.1967   0.06954   0.07256   0.00749
    11/299     6.54G   0.08112   0.02864  0.009722    0.1195        85       416    0.4426    0.6828    0.5952    0.2523   0.06709   0.06827  0.005767
    12/299     6.54G   0.07826    0.0279  0.008746    0.1149       138       416    0.5389    0.5692    0.5673    0.1777   0.07179   0.06262  0.004471
    13/299     6.54G   0.07603   0.02725  0.007778    0.1111        96       416    0.6659    0.6079    0.6662     0.307   0.06386   0.06304  0.003666
    14/299     6.54G   0.07386   0.02776    0.0068    0.1084       129       416    0.7109    0.5829    0.7032    0.3682   0.06003   0.06215  0.003136
    15/299     6.54G   0.07112   0.02662    0.0062    0.1039       109       416    0.6905    0.6462    0.7098    0.3759   0.05863   0.06214  0.002747
    16/299     6.54G   0.06931   0.02608  0.005798    0.1012        98       416     0.727    0.7328    0.7956    0.3985   0.05877   0.05939  0.002348
    17/299     6.54G    0.0677   0.02672  0.005295   0.09972       136       416    0.6798    0.6576    0.7372    0.3504   0.06089   0.05835  0.002212
    18/299     6.54G   0.06598    0.0257  0.005094   0.09678       173       416     0.779    0.5969    0.7006     0.289   0.06377   0.05446  0.002085
    19/299     6.54G   0.06326   0.02442  0.004897   0.09258       109       416    0.7388    0.6255    0.7476    0.2565   0.05678   0.05467  0.001823
    20/299     6.54G   0.06448   0.02368  0.004548   0.09271        84       416    0.5791    0.7092    0.6848    0.3498   0.05473   0.06349  0.002549
    21/299     6.54G   0.06144   0.02418  0.004258   0.08987       106       416    0.5805    0.8049    0.6722    0.2591   0.04958   0.05433  0.001708
    22/299     6.54G   0.06104    0.0232   0.00404   0.08828        83       416    0.6012    0.8167    0.6641    0.2284   0.05522   0.05477   0.00173
    23/299     6.54G   0.05811   0.02325  0.003983   0.08534        83       416    0.5336     0.828    0.6188     0.313   0.04889   0.05161  0.001608
    24/299     6.54G   0.05656   0.02358  0.003481   0.08363       101       416    0.4817    0.7554    0.6591    0.2675   0.04981   0.05124  0.001636
    25/299     6.54G   0.05488   0.02288  0.003528   0.08129        84       416    0.5624    0.8587      0.65     0.227   0.05229   0.04824   0.00155
    26/299     6.54G   0.05486   0.02241  0.003418   0.08069        89       416    0.8259    0.8159    0.8888    0.5209   0.04299   0.05044  0.001604
    27/299     6.54G   0.05454   0.02138  0.003388    0.0793        72       416    0.7961    0.7913    0.8662    0.5474   0.04169   0.04773    0.0015
    28/299     6.54G   0.05159   0.02182   0.00309   0.07649       109       416    0.8466    0.8057     0.865    0.4962   0.04253   0.04766  0.001588
    29/299     6.54G   0.05208   0.02092  0.002942   0.07594       130       416    0.5369    0.8216    0.7061    0.3744   0.04459   0.04573  0.001362
    30/299     6.54G   0.04943   0.02089  0.002817   0.07313       126       416    0.8784    0.8937    0.9372    0.5784   0.03938   0.04499  0.001421
    31/299     6.54G    0.0493   0.02061  0.002723   0.07263        69       416    0.9039    0.8709    0.9332    0.4701   0.04949     0.043  0.001366
    32/299     6.54G   0.04821   0.02022  0.002637   0.07107       115       416    0.9397    0.8484    0.9373    0.6225   0.03964   0.04458  0.001506
    33/299     6.54G   0.04756   0.02025  0.002501   0.07031       102       416    0.9113    0.8602    0.9136    0.6113   0.03818    0.0461  0.001418
    34/299     6.54G   0.04505    0.0195   0.00225    0.0668       111       416    0.9395    0.8849    0.9486    0.6428   0.03545   0.04216  0.001311
    35/299     6.54G   0.04591   0.01866    0.0022   0.06677        94       416    0.9068    0.8725    0.9325    0.6285   0.03602   0.04209  0.001262
    36/299     6.54G   0.04429   0.01921  0.002101   0.06561       115       416    0.9252     0.854    0.9274    0.6244   0.03726   0.04488  0.001356
    37/299     6.54G   0.04385   0.01889  0.001924   0.06466        70       416    0.9267    0.8886    0.9561     0.551   0.03902   0.03967  0.001186
    38/299     6.54G   0.04162    0.0185  0.001875   0.06199       112       416    0.9427    0.8835    0.9483    0.6551   0.03468    0.0405   0.00109
    39/299     6.54G    0.0417   0.01805   0.00175    0.0615       109       416    0.9452    0.8721    0.9521    0.6754   0.03313   0.04066  0.001135
    40/299     6.54G   0.04263   0.01913  0.001721   0.06348       122       416    0.9316    0.8885    0.9593    0.5575   0.03862   0.04011  0.001104
    41/299     6.54G   0.04027   0.01838  0.001638   0.06028        73       416    0.9471    0.8774    0.9496    0.6897    0.0334   0.03822  0.001098
    42/299     6.54G   0.03944   0.01756  0.001548   0.05854        89       416    0.9369    0.8778    0.9481    0.6546   0.03402   0.04113   0.00101
    43/299     6.54G   0.03962   0.01817  0.001538   0.05932        89       416    0.9104    0.8833    0.9382     0.675   0.03296   0.04097  0.001015
    44/299     6.54G   0.03849   0.01744  0.001495   0.05742       108       416    0.9285    0.8888    0.9445    0.6853    0.0329   0.04031  0.001015
    45/299     6.54G   0.03852   0.01761    0.0014   0.05753        98       416    0.9297    0.8984    0.9583    0.6955    0.0337   0.03893 0.0009931
    46/299     6.54G   0.03814   0.01783  0.001386   0.05736        92       416    0.9522    0.8876    0.9556    0.6821   0.03245   0.03952 0.0009819
    47/299     6.54G    0.0379   0.01715  0.001456    0.0565        85       416    0.8974    0.9026    0.9481    0.6749   0.03301   0.03933 0.0008615
    48/299     6.54G   0.03752   0.01717  0.001335   0.05603        97       416    0.9657    0.8876    0.9558    0.6901   0.03314   0.03911  0.001024
    49/299     6.54G   0.03733   0.01772  0.001272   0.05632        96       416    0.9582    0.8777    0.9576     0.714   0.03104   0.03672 0.0008016
    50/299     6.54G   0.03641   0.01691  0.001243   0.05456       116       416    0.9426    0.8941    0.9507    0.6615   0.03487   0.04026 0.0008753
    51/299     6.54G    0.0376   0.01677  0.001278   0.05565        88       416    0.9481    0.8923    0.9553    0.7031   0.03141   0.03647 0.0007967
    52/299     6.54G   0.03618   0.01755    0.0013   0.05503       107       416    0.9372     0.903    0.9565    0.7069   0.03234   0.03637 0.0007781
    53/299     6.54G   0.03659   0.01684  0.001173    0.0546       113       416    0.9509     0.901    0.9605    0.6542   0.03475   0.03756 0.0007808
    54/299     6.54G   0.03559   0.01719  0.001139   0.05391        78       416    0.9126     0.925    0.9603    0.7137   0.03061   0.03702 0.0007622
    55/299     6.54G   0.03563   0.01729  0.001113   0.05403       143       416    0.9564    0.8824    0.9612    0.7045   0.03023   0.03645 0.0007736
    56/299     6.54G   0.03494    0.0164  0.001054    0.0524       101       416    0.9601    0.8878    0.9559    0.6911   0.03228   0.03717  0.000735
    57/299     6.54G   0.03444   0.01624  0.001142   0.05182        75       416     0.963    0.8863    0.9589    0.6916   0.03196   0.03644 0.0008059
    58/299     6.54G   0.03476   0.01699  0.001052    0.0528       130       416    0.9285     0.917    0.9607    0.7312   0.02955   0.03782 0.0007595
    59/299     6.54G   0.03551   0.01666  0.001057   0.05323       134       416    0.9446    0.9105    0.9668    0.7137   0.03017   0.03697 0.0007339
    60/299     6.54G   0.03395   0.01617  0.001043   0.05116       108       416    0.9357    0.8911    0.9566    0.7343   0.02944   0.03853 0.0007766
    61/299     6.54G    0.0356   0.01683   0.00101   0.05343       135       416    0.9623     0.873     0.955    0.7272   0.02977   0.03769   0.00077
    62/299     6.54G    0.0339   0.01642 0.0009842    0.0513        94       416    0.9681    0.8821      0.96    0.7324   0.02957   0.03556  0.000712
    63/299     6.54G   0.03358   0.01627  0.001012   0.05086        98       416    0.9489    0.8948    0.9576    0.7337   0.02972   0.03651 0.0007433
    64/299     6.54G   0.03332   0.01648 0.0009577   0.05076        89       416    0.9518    0.8862    0.9582    0.7321   0.02925   0.03662 0.0007079
    65/299     6.54G   0.03389   0.01603 0.0009155   0.05083        99       416     0.949    0.9117    0.9643    0.7301   0.02978   0.03616 0.0007432
    66/299     6.54G   0.03311   0.01602 0.0009557   0.05008        89       416     0.963    0.8842    0.9631    0.7424   0.02877   0.03627 0.0006871
    67/299     6.54G   0.03343    0.0162 0.0009042   0.05053        97       416    0.9336     0.903    0.9535    0.7239   0.02984   0.03769 0.0006723
    68/299     6.54G   0.03301   0.01637 0.0008686   0.05025       115       416    0.9478    0.8886    0.9592    0.7243   0.02979   0.03592 0.0006294
    69/299     6.54G   0.03322   0.01604  0.000875   0.05014       122       416    0.9377    0.9077    0.9582    0.7377   0.02913   0.03538 0.0006589
    70/299     6.54G   0.03286   0.01564 0.0008702   0.04937       112       416    0.9367    0.9155    0.9624    0.7154   0.03033   0.03606 0.0006147
    71/299     6.54G   0.03274   0.01538 0.0009661   0.04909        89       416    0.9415    0.9039    0.9596    0.7384   0.02888   0.03731 0.0006863
    72/299     6.54G   0.03335   0.01566  0.001038   0.05005        72       416    0.9416    0.9024     0.955    0.7344   0.02958   0.03793 0.0006696
    73/299     6.54G   0.03289   0.01568 0.0009609   0.04953       106       416    0.9644    0.8947    0.9553     0.731   0.02911   0.03575 0.0006274
    74/299     6.54G   0.03288   0.01541 0.0008584   0.04914       115       416    0.9498    0.9083    0.9554    0.7172   0.02946   0.03665  0.000663
    75/299     6.54G   0.03314   0.01597 0.0008384   0.04995       114       416    0.9421    0.9061    0.9611    0.7357   0.02933   0.03649 0.0006397
    76/299     6.54G   0.03444   0.01552  0.001099   0.05106        94       416    0.9169    0.8999    0.9518     0.725   0.03008   0.03986 0.0008392
    77/299     6.54G   0.03231   0.01572 0.0008328   0.04886       124       416    0.9452    0.9171    0.9648    0.7376   0.02917   0.03526 0.0006407
    78/299     6.54G   0.03223   0.01501 0.0008372   0.04808       105       416    0.9534    0.8941    0.9546    0.7344   0.02943   0.03694 0.0006513
    79/299     6.54G   0.03217   0.01574 0.0008156   0.04873        95       416    0.9415    0.9213     0.962    0.7453    0.0287   0.03523 0.0006078
    80/299     6.54G   0.03247   0.01566  0.000822   0.04896       125       416    0.9655    0.8701    0.9488    0.7338   0.02944    0.0373 0.0005866
    81/299     6.54G   0.03133   0.01531 0.0007772   0.04742        90       416    0.9578    0.9052    0.9642     0.753   0.02803   0.03502 0.0005634
    82/299     6.54G   0.03217   0.01494 0.0008114   0.04792        87       416     0.939    0.9223    0.9633    0.7365   0.02874   0.03506 0.0005785
    83/299     6.54G   0.03103   0.01491 0.0007883   0.04672        76       416    0.9653    0.9051    0.9664     0.753   0.02797   0.03542 0.0005972
    84/299     6.54G   0.03224   0.01509 0.0007779   0.04812       126       416    0.9551    0.9079    0.9605    0.7358   0.02928   0.03603 0.0005813
    85/299     6.54G   0.03151   0.01495 0.0007331   0.04719       137       416    0.9588    0.8975    0.9563    0.7371   0.02901   0.03712 0.0005877
    86/299     6.54G   0.03163   0.01495 0.0007657   0.04734        85       416    0.9512    0.9025    0.9612    0.7442   0.02839   0.03588  0.000556
    87/299     6.54G   0.03148   0.01555 0.0007354   0.04776        88       416    0.9432    0.8941    0.9588    0.7443   0.02847   0.03665 0.0005972
    88/299     6.54G   0.03124   0.01474 0.0007667   0.04675        85       416    0.9455    0.9183    0.9636     0.746   0.02841    0.0353  0.000526
    89/299     6.54G   0.03118   0.01578 0.0007565   0.04772       121       416     0.936    0.9137    0.9599    0.7421   0.02822   0.03464 0.0005458
    90/299     6.54G   0.03093   0.01468 0.0007775   0.04639        98       416    0.9705     0.885    0.9588    0.7466   0.02818   0.03601 0.0005409
    91/299     6.54G   0.03138    0.0151 0.0007111   0.04719       102       416     0.955    0.9084    0.9634    0.7495   0.02786   0.03547 0.0005286
    92/299     6.54G   0.03084   0.01526 0.0007281   0.04682        85       416    0.9394    0.9259    0.9651    0.7488   0.02783   0.03501 0.0005204
    93/299     6.54G   0.03061   0.01526 0.0007518   0.04662       114       416    0.9658    0.8858    0.9548    0.7405   0.02858   0.03669 0.0005304
    94/299     6.54G   0.03062   0.01488  0.000778   0.04628        99       416    0.9539    0.9066    0.9554    0.7467   0.02796   0.03725 0.0005393
    95/299     6.54G   0.03067   0.01522 0.0007465   0.04663        94       416    0.9545    0.9045    0.9594    0.7434   0.02839   0.03559 0.0005435
    96/299     6.54G   0.03092   0.01481 0.0008071   0.04653        81       416    0.9656    0.8937    0.9628    0.7444   0.02837   0.03489 0.0005516
    97/299     6.54G   0.03066   0.01504 0.0006968   0.04639       105       416    0.9504    0.9039    0.9588     0.745   0.02854   0.03554 0.0005359
    98/299     6.54G   0.03042   0.01445 0.0006988   0.04556        76       416     0.949    0.9062    0.9585    0.7497     0.028   0.03641 0.0005143
    99/299     6.54G   0.03053   0.01444   0.00073    0.0457       131       416    0.9415    0.9115    0.9615    0.7481   0.02766   0.03464 0.0005406
   100/299     6.54G    0.0311   0.01445 0.0006838   0.04623        90       416    0.9368    0.9037    0.9539    0.7359   0.02857   0.03587 0.0005438
   101/299     6.54G   0.03042   0.01484 0.0006267   0.04589        93       416    0.9459    0.9132    0.9645    0.7508   0.02813   0.03445 0.0004918
   102/299     6.54G   0.02987   0.01505 0.0006833    0.0456        67       416    0.9451    0.9167    0.9627    0.7406   0.02861   0.03552 0.0005049
   103/299     6.54G   0.03079    0.0148 0.0006926   0.04628       121       416    0.9477    0.8984    0.9561    0.7459   0.02819   0.03562 0.0005108
   104/299     6.54G   0.03016   0.01484 0.0007159   0.04572       110       416    0.9488    0.9104    0.9582    0.7482   0.02782   0.03526 0.0004984
   105/299     6.54G   0.03055   0.01466 0.0006443   0.04585       150       416    0.9635    0.9042    0.9611    0.7455   0.02819   0.03549 0.0004986
   106/299     6.54G   0.03068   0.01433 0.0006452   0.04566       116       416    0.9687    0.8999    0.9627    0.7508   0.02761   0.03478 0.0004885
   107/299     6.54G   0.03077   0.01423 0.0007102    0.0457        80       416    0.9224    0.8867    0.9465    0.7357    0.0282   0.03607 0.0005062
   108/299     6.54G   0.03073   0.01448 0.0007977   0.04601        70       416    0.9445    0.9108    0.9603    0.7527   0.02782     0.035 0.0005222
   109/299     6.54G   0.03045   0.01521 0.0006321   0.04629       102       416    0.9394    0.9059    0.9526    0.7426   0.02814   0.03628 0.0005519
   110/299     6.54G   0.03028   0.01523 0.0006316   0.04614        78       416    0.9438    0.8939    0.9534    0.7412   0.02791   0.03553 0.0005165
   111/299     6.54G    0.0297    0.0149 0.0006035   0.04519       116       416    0.9575    0.8733    0.9451    0.7328   0.02828   0.03736 0.0005521
   112/299     6.54G   0.02994   0.01442 0.0005967   0.04496       108       416    0.9454    0.9005    0.9581    0.7459    0.0278   0.03517 0.0004671
   113/299     6.54G   0.03017   0.01472 0.0005825   0.04547       113       416     0.972    0.8982    0.9598    0.7484   0.02814   0.03421 0.0004468
   114/299     6.54G   0.03011   0.01424 0.0005578   0.04491        71       416    0.9505    0.8884    0.9498    0.7361   0.02797   0.03656 0.0004863
   115/299     6.54G   0.03004    0.0145 0.0006685   0.04521        70       416     0.962    0.8865    0.9537    0.7436   0.02788   0.03571 0.0005789
   116/299     6.54G   0.02965   0.01517 0.0005725   0.04539       106       416     0.971    0.9042    0.9652    0.7567   0.02728   0.03379 0.0004698
   117/299     6.54G   0.02934   0.01392 0.0006332   0.04389       112       416     0.953     0.898    0.9569    0.7442   0.02803   0.03568 0.0004511
   118/299     6.54G   0.02988   0.01509 0.0006254    0.0456        97       416    0.9569    0.9053    0.9574     0.746   0.02792   0.03438  0.000498
   119/299     6.54G   0.03016   0.01499 0.0005383   0.04569       150       416    0.9539    0.8732    0.9433    0.7319   0.02813   0.03853 0.0005115
   120/299     6.54G   0.02975   0.01479 0.0005902   0.04513        92       416    0.9473    0.9027    0.9534    0.7381   0.02818   0.03522 0.0004818
   121/299     6.54G   0.02986   0.01469 0.0005576    0.0451       155       416    0.9523    0.9069     0.962    0.7425   0.02805   0.03412 0.0004614
   122/299     6.54G   0.02952   0.01401 0.0006173   0.04415        96       416    0.9317    0.9185    0.9604    0.7439   0.02785   0.03405 0.0004791
   123/299     6.54G   0.02995   0.01425  0.000603   0.04481       116       416      0.95    0.8967    0.9548    0.7436   0.02786   0.03546 0.0004818
   124/299     6.54G   0.02924   0.01396 0.0006444   0.04385        62       416    0.9638    0.8767     0.953    0.7367    0.0283   0.03537  0.000479
   125/299     6.54G   0.02962    0.0146 0.0006152   0.04484        81       416    0.9526     0.898    0.9616    0.7485   0.02736   0.03513 0.0004255
   126/299     6.54G   0.02942   0.01453 0.0005887   0.04454       108       416    0.9523    0.9045    0.9561    0.7466    0.0278   0.03491 0.0004354
   127/299     6.54G   0.02928   0.01408 0.0006156   0.04398        87       416    0.9462     0.915    0.9602    0.7455   0.02772   0.03435 0.0004237
   128/299     6.54G     0.029   0.01413 0.0006059   0.04373        67       416    0.9567    0.8915    0.9505    0.7437   0.02746   0.03545  0.000446
   129/299     6.54G   0.02926   0.01425 0.0006206   0.04413        83       416    0.9743    0.8927    0.9625    0.7548   0.02727   0.03429  0.000443
   130/299     6.54G   0.02935   0.01394 0.0005505   0.04384       107       416    0.9716      0.88    0.9554    0.7451   0.02755     0.035 0.0004661
   131/299     6.54G    0.0291   0.01411 0.0005827    0.0438       118       416    0.9524    0.9055    0.9637    0.7563   0.02717   0.03428 0.0004192
   132/299     6.54G   0.02948   0.01434 0.0005611   0.04439       116       416    0.9513    0.9036    0.9577    0.7512   0.02714   0.03567 0.0004167
   133/299     6.54G   0.02983   0.01407 0.0006213   0.04452       106       416      0.96    0.8842    0.9549    0.7471   0.02723   0.03474 0.0004373
   134/299     6.54G   0.02934   0.01404 0.0005652   0.04394        79       416    0.9494    0.8934    0.9504    0.7428   0.02765   0.03563 0.0004328
   135/299     6.54G    0.0296   0.01442 0.0004932   0.04451       102       416    0.9535    0.8918    0.9486     0.746    0.0275   0.03522 0.0004296
   136/299     6.54G   0.02892   0.01429 0.0005212   0.04373       103       416     0.969    0.8816    0.9504    0.7445   0.02758   0.03519 0.0004114
   137/299     6.54G   0.02935   0.01409 0.0006315   0.04407        70       416    0.9575    0.9016    0.9536    0.7433   0.02784   0.03504 0.0004301
   138/299     6.54G   0.02845   0.01399 0.0005103   0.04295        60       416    0.9656    0.8857     0.952    0.7453   0.02775   0.03534  0.000435
   139/299     6.54G   0.02922    0.0136 0.0005405   0.04336        83       416    0.9527    0.9072    0.9555    0.7474   0.02742    0.0352 0.0004272
   140/299     6.54G   0.02872    0.0144 0.0005541   0.04367        64       416    0.9572    0.9024    0.9543    0.7458   0.02747   0.03484 0.0004252
   141/299     6.54G   0.02867   0.01392 0.0004992   0.04309       129       416    0.9682    0.9052    0.9603    0.7513   0.02736   0.03362 0.0003852
   142/299     6.54G   0.02872   0.01462 0.0005257   0.04386       109       416     0.972    0.8725    0.9508    0.7406   0.02757   0.03503 0.0004749
   143/299     6.54G   0.02858   0.01427  0.000531   0.04338       136       416    0.9499    0.9057    0.9562    0.7472   0.02743   0.03528 0.0004325
   144/299     6.54G   0.02859   0.01382 0.0005185   0.04293        95       416    0.9539    0.9003    0.9558    0.7507   0.02743   0.03457 0.0003908
   145/299     6.54G   0.02878   0.01424 0.0004975   0.04352        87       416    0.9831    0.8638     0.948    0.7453   0.02728    0.0355 0.0004073
   146/299     6.54G    0.0288   0.01402 0.0005372   0.04336       117       416    0.9567    0.9025     0.961    0.7553     0.027   0.03389 0.0003868
   147/299     6.54G   0.02871   0.01417 0.0005143   0.04339       120       416    0.9694    0.8671    0.9441    0.7356   0.02752   0.03656 0.0004211
   148/299     6.54G   0.02872   0.01424 0.0005843   0.04354       106       416    0.9739    0.8867    0.9535     0.753   0.02713   0.03505 0.0003925
   149/299     6.54G   0.02863   0.01397 0.0004809   0.04308        76       416     0.968    0.8895    0.9459    0.7461   0.02736    0.0359 0.0003966
   150/299     6.54G   0.02837   0.01376 0.0004804   0.04262        97       416    0.9695    0.8864    0.9514    0.7482   0.02732   0.03485 0.0003886
   151/299     6.54G   0.02878   0.01418 0.0005178   0.04349       101       416    0.9698    0.8855    0.9512    0.7437   0.02733   0.03492 0.0004061
   152/299     6.54G   0.02823   0.01384 0.0004873   0.04256       117       416    0.9606    0.8899    0.9547    0.7485   0.02727   0.03489 0.0004046
   153/299     6.54G    0.0287   0.01378 0.0005138     0.043       112       416    0.9708    0.8755    0.9519    0.7432   0.02744   0.03523 0.0004033
   154/299     6.54G   0.02821   0.01396 0.0005639   0.04274        83       416    0.9677    0.8916    0.9558    0.7517   0.02712   0.03502 0.0003869
   155/299     6.54G   0.02868   0.01453  0.000551   0.04377       105       416    0.9666    0.8874    0.9534    0.7479   0.02731   0.03534 0.0003677
   156/299     6.54G    0.0289    0.0144 0.0005263   0.04383       118       416    0.9657    0.8963    0.9568    0.7526   0.02704   0.03438 0.0003766
   157/299     6.54G   0.02856   0.01304 0.0005083   0.04211        83       416    0.9695      0.89     0.954     0.752    0.0272    0.0348 0.0004017
   158/299     6.54G   0.02882   0.01361 0.0004887   0.04292        92       416    0.9615    0.9013    0.9553    0.7504   0.02716    0.0343 0.0004153
   159/299     6.54G   0.02848   0.01327 0.0005606   0.04231        70       416    0.9706    0.8958    0.9571    0.7531   0.02714   0.03489 0.0003657
   160/299     6.54G   0.02834   0.01394 0.0004654   0.04274       136       416    0.9601    0.8936    0.9497    0.7416    0.0275   0.03518 0.0004083
   161/299     6.54G   0.02788   0.01379 0.0004597   0.04213       118       416    0.9521    0.9115     0.958    0.7508   0.02702   0.03392 0.0003662
   162/299     6.54G   0.02916    0.0139 0.0005143   0.04358       109       416    0.9682    0.8976    0.9559     0.751   0.02704    0.0346 0.0003519
   163/299     6.54G    0.0282   0.01407 0.0004957   0.04277        84       416     0.967    0.8865    0.9515    0.7498   0.02707   0.03555 0.0003694
   164/299     6.54G   0.02848   0.01372 0.0004679   0.04267       105       416    0.9571    0.8925    0.9544    0.7518   0.02703   0.03563 0.0003609
   165/299     6.54G   0.02789   0.01336 0.0005452    0.0418       111       416     0.966    0.8935    0.9534    0.7491   0.02693    0.0349 0.0003653
   166/299     6.54G    0.0286   0.01388 0.0004788   0.04297        87       416     0.958    0.9019    0.9533    0.7489   0.02706   0.03484 0.0003609
   167/299     6.54G   0.02855   0.01421  0.000422   0.04317       122       416    0.9592    0.8935    0.9546    0.7488   0.02724   0.03422 0.0003625
   168/299     6.54G   0.02858   0.01402 0.0005479   0.04315        90       416    0.9521    0.8999    0.9543    0.7483   0.02721   0.03493 0.0003689
   169/299     6.54G   0.02884   0.01384 0.0005176   0.04319       153       416    0.9728    0.8986    0.9603    0.7471   0.02723   0.03379 0.0003651
   170/299     6.54G   0.02817   0.01429 0.0004631   0.04292       120       416    0.9571    0.8969    0.9546    0.7455   0.02717   0.03492 0.0003607
   171/299     6.54G   0.02788   0.01385 0.0004961   0.04222       136       416    0.9661    0.8905    0.9543    0.7473    0.0271   0.03443 0.0003499
   172/299     6.54G   0.02783   0.01376 0.0004635   0.04206        83       416    0.9573     0.891    0.9527    0.7464   0.02714   0.03511 0.0003753
   173/299     6.54G    0.0287     0.014 0.0004568   0.04315       105       416    0.9716    0.8839    0.9564    0.7471    0.0272   0.03432 0.0003658
   174/299     6.54G   0.02833   0.01402 0.0004615   0.04281       120       416     0.952    0.8992     0.954    0.7457   0.02726   0.03504 0.0003665
   175/299     6.54G   0.02863   0.01363 0.0004592   0.04271       133       416    0.9692    0.8843     0.952     0.751   0.02707   0.03538  0.000388
   176/299     6.54G   0.02837   0.01362 0.0005087    0.0425       109       416    0.9556    0.8983    0.9542     0.748   0.02717   0.03432 0.0003671
   177/299     6.54G   0.02828   0.01345 0.0004691   0.04219        65       416    0.9588    0.8885    0.9459    0.7413   0.02743   0.03514 0.0003788
   178/299     6.54G   0.02804   0.01375 0.0004891   0.04228       126       416    0.9641    0.8942    0.9517     0.746   0.02715   0.03498 0.0003768
   179/299     6.54G   0.02756   0.01363 0.0004836   0.04167       101       416    0.9756    0.8873     0.953    0.7467   0.02711   0.03469 0.0004122
   180/299     6.54G    0.0273    0.0133 0.0004492   0.04105       122       416    0.9682    0.8762    0.9493    0.7387   0.02736   0.03595 0.0003596
   181/299     6.54G   0.02745   0.01399 0.0004778   0.04192        93       416    0.9694     0.882     0.952    0.7453    0.0271   0.03505 0.0003498
   182/299     6.54G   0.02771   0.01384 0.0004291   0.04198       127       416    0.9735     0.887    0.9536    0.7511   0.02702   0.03443 0.0003495
   183/299     6.54G   0.02789   0.01371 0.0005132   0.04212        82       416     0.969    0.8928    0.9537    0.7499   0.02699   0.03423 0.0003475
   184/299     6.54G   0.02811    0.0133 0.0004472   0.04186        81       416    0.9733    0.8831    0.9491    0.7434   0.02726   0.03568 0.0003562
   185/299     6.54G   0.02843   0.01397 0.0004951   0.04289       117       416    0.9676     0.891    0.9514    0.7473   0.02711   0.03501  0.000344
   186/299     6.54G   0.02792   0.01381 0.0004671   0.04219       116       416    0.9613    0.8961    0.9531     0.747   0.02718   0.03476 0.0003423
   187/299     6.54G    0.0284   0.01411 0.0004447   0.04295       105       416    0.9623    0.8944    0.9516    0.7452    0.0273   0.03497 0.0003525
   188/299     6.54G   0.02743   0.01379 0.0004489   0.04167       161       416    0.9608    0.9018    0.9532    0.7437   0.02743   0.03527 0.0003679
   189/299     6.54G   0.02809   0.01366 0.0004723   0.04222        84       416     0.967    0.8905    0.9546    0.7464   0.02717   0.03497 0.0003541
   190/299     6.54G   0.02832   0.01386 0.0004016   0.04258       127       416    0.9582    0.8993    0.9553    0.7492   0.02718   0.03417  0.000355
   191/299     6.54G   0.02771   0.01383 0.0004336   0.04198       109       416    0.9704    0.8885    0.9527    0.7498   0.02708   0.03479  0.000348
   192/299     6.54G   0.02738   0.01363 0.0005107   0.04153       108       416    0.9612    0.8946    0.9529    0.7459   0.02718   0.03492 0.0003574
   193/299     6.54G    0.0278   0.01405 0.0004273   0.04228       114       416    0.9692     0.883    0.9501     0.742   0.02719    0.0351 0.0003592
   194/299     6.54G    0.0271   0.01414 0.0003881   0.04163       133       416    0.9536    0.8999    0.9534    0.7476   0.02696   0.03464 0.0003548
   195/299     6.54G   0.02745   0.01315 0.0004512   0.04105        93       416    0.9635    0.8837    0.9492    0.7427   0.02717   0.03599 0.0003761
   196/299     6.54G   0.02738   0.01391 0.0004161    0.0417        89       416     0.964     0.893    0.9531    0.7461   0.02722   0.03514 0.0003534
   197/299     6.54G   0.02791   0.01356 0.0004227   0.04189        78       416    0.9638     0.894    0.9524    0.7432   0.02723   0.03545 0.0003448
   198/299     6.54G   0.02771   0.01408  0.000396   0.04218       122       416    0.9678    0.8919    0.9545     0.745   0.02714   0.03466 0.0003544
   199/299     6.54G   0.02802   0.01346 0.0003997   0.04188       129       416    0.9693    0.8906     0.954    0.7441   0.02717   0.03468  0.000358
   200/299     6.54G   0.02774   0.01395 0.0003895   0.04208        92       416    0.9625    0.9002    0.9542    0.7456   0.02706   0.03458 0.0003568
   201/299     6.54G   0.02755    0.0132 0.0004653   0.04121       113       416    0.9684    0.8912    0.9523    0.7475   0.02712   0.03526 0.0003562
   202/299     6.54G   0.02715   0.01389  0.000403   0.04144       125       416    0.9728    0.8908    0.9553    0.7469   0.02715   0.03449 0.0003421
   203/299     6.54G   0.02744   0.01342 0.0004305    0.0413        92       416    0.9754    0.8856     0.955    0.7486   0.02697   0.03413   0.00033
   204/299     6.54G   0.02758   0.01405 0.0004666    0.0421       124       416    0.9685     0.894    0.9545    0.7455   0.02708   0.03448 0.0003343
   205/299     6.54G    0.0278   0.01331 0.0005356   0.04164       107       416    0.9739    0.8961    0.9553    0.7494   0.02699   0.03441 0.0003384
   206/299     6.54G   0.02762    0.0129 0.0003887   0.04091        93       416    0.9682    0.8965    0.9579     0.749   0.02713     0.034 0.0003453
   207/299     6.54G   0.02798   0.01387 0.0004493    0.0423        82       416    0.9625     0.905    0.9593    0.7526    0.0269   0.03378 0.0003297
   208/299     6.54G   0.02744   0.01395 0.0004794   0.04187       110       416    0.9624    0.8971    0.9538    0.7437   0.02724   0.03462 0.0003368
   209/299     6.54G   0.02755   0.01373 0.0003705   0.04166        96       416     0.953    0.9017    0.9532    0.7477   0.02706   0.03467 0.0003299
   210/299     6.54G   0.02709   0.01307 0.0004526   0.04061        73       416    0.9653    0.8916    0.9518    0.7459   0.02716   0.03515 0.0003349
   211/299     6.54G    0.0274   0.01292 0.0004872   0.04081        88       416    0.9636    0.8964    0.9527    0.7455    0.0272   0.03487 0.0003267
   212/299     6.54G   0.02759    0.0139 0.0004433   0.04193        83       416    0.9604    0.8938    0.9499    0.7414   0.02716    0.0352 0.0003314
   213/299     6.54G   0.02775   0.01315 0.0004002    0.0413       118       416    0.9615    0.8966    0.9519    0.7405   0.02722   0.03512 0.0003377
   214/299     6.54G   0.02699   0.01351 0.0004441   0.04094        84       416    0.9623    0.8972    0.9523    0.7471   0.02706   0.03487 0.0003218
   215/299     6.54G   0.02717   0.01344 0.0003788   0.04098        83       416    0.9659    0.8923    0.9511    0.7467   0.02701   0.03483 0.0003213
   216/299     6.54G    0.0277   0.01349 0.0004289   0.04162        94       416    0.9659    0.8893    0.9517    0.7449   0.02704   0.03488 0.0003246
   217/299     6.54G   0.02736   0.01355 0.0004129   0.04132       115       416    0.9722    0.8811    0.9503    0.7429   0.02717   0.03499 0.0003281
   218/299     6.54G   0.02785    0.0133 0.0003798   0.04153       116       416    0.9629    0.8904    0.9504    0.7441   0.02709    0.0351 0.0003279
   219/299     6.54G    0.0277   0.01353 0.0004628   0.04169        92       416    0.9742    0.8796    0.9505    0.7433   0.02719   0.03545 0.0003526
   220/299     6.54G   0.02698   0.01318 0.0004239   0.04059       113       416     0.973    0.8877    0.9542    0.7465   0.02698   0.03462 0.0003325
   221/299     6.54G   0.02717   0.01356 0.0003829    0.0411        77       416    0.9741     0.883    0.9544    0.7475   0.02706   0.03473 0.0003342
   222/299     6.54G   0.02752   0.01344 0.0004214   0.04138        98       416    0.9718    0.8875    0.9538     0.747   0.02711   0.03486 0.0003216
   223/299     6.54G   0.02753   0.01334 0.0003787   0.04125        69       416    0.9709    0.8915    0.9557    0.7467   0.02707   0.03446 0.0003123
   224/299     6.54G   0.02739   0.01313 0.0004671   0.04098        93       416    0.9705     0.891    0.9553    0.7471    0.0271   0.03451  0.000311
   225/299     6.54G   0.02758   0.01356 0.0004022   0.04155       148       416    0.9662    0.8968     0.956    0.7488   0.02691   0.03419 0.0003011
   226/299     6.54G    0.0276    0.0129 0.0004756   0.04097       126       416    0.9716    0.8906    0.9553    0.7507   0.02695   0.03428  0.000305
   227/299     6.54G    0.0276    0.0131 0.0004185   0.04111       126       416    0.9666    0.8974    0.9547     0.749   0.02703   0.03421 0.0003088
   228/299     6.54G   0.02716   0.01333 0.0004329   0.04092       113       416    0.9624    0.8985    0.9536    0.7446   0.02716   0.03461 0.0003137
   229/299     6.54G   0.02739   0.01362 0.0003881   0.04139       108       416    0.9606    0.9009     0.954    0.7425   0.02719   0.03467  0.000314
   230/299     6.54G   0.02733   0.01377 0.0003803   0.04149       111       416    0.9715    0.8926    0.9563    0.7452   0.02711    0.0342 0.0003044
   231/299     6.54G   0.02645   0.01317 0.0004223   0.04004       107       416    0.9608    0.9019    0.9565    0.7442   0.02706   0.03398 0.0003024
   232/299     6.54G   0.02739   0.01366  0.000405   0.04145       107       416    0.9487    0.9111    0.9567     0.748   0.02694   0.03413 0.0003001
   233/299     6.54G   0.02761   0.01355 0.0004658   0.04162        69       416    0.9507    0.9102    0.9588    0.7505   0.02688   0.03392 0.0002963
   234/299     6.54G   0.02724   0.01332 0.0003847   0.04094        85       416    0.9646    0.8976     0.957    0.7479   0.02693   0.03426 0.0002994
   235/299     6.54G   0.02782    0.0138 0.0003979   0.04202       104       416    0.9555    0.9043    0.9554    0.7466   0.02701   0.03431 0.0002998
   236/299     6.54G   0.02689   0.01374 0.0003699     0.041       122       416    0.9501    0.9126    0.9588    0.7511   0.02684   0.03365 0.0002954
   237/299     6.54G   0.02701   0.01332 0.0004485   0.04078        73       416    0.9628    0.9023    0.9566    0.7489   0.02687   0.03416 0.0003014
   238/299     6.54G   0.02667   0.01347 0.0004138   0.04055       141       416    0.9562     0.903    0.9546    0.7454   0.02701   0.03485 0.0003085
   239/299     6.54G   0.02752   0.01341 0.0004668   0.04139       136       416    0.9617    0.9014     0.955    0.7471   0.02698   0.03462 0.0003048
   240/299     6.54G   0.02701    0.0131 0.0004321   0.04054       107       416    0.9637    0.8954    0.9534    0.7444   0.02703   0.03487  0.000312
   241/299     6.54G   0.02726    0.0134 0.0003517   0.04101       131       416    0.9639    0.8953    0.9538    0.7428   0.02709   0.03481 0.0003194
   242/299     6.54G   0.02701    0.0133 0.0003616   0.04067        99       416    0.9592    0.9001    0.9525    0.7426   0.02703   0.03479  0.000315
   243/299     6.54G     0.027   0.01315 0.0004633   0.04062       112       416     0.959    0.8977     0.953    0.7438   0.02698   0.03491 0.0003018
   244/299     6.54G   0.02768   0.01346  0.000367    0.0415       129       416    0.9724     0.882    0.9528    0.7431   0.02695   0.03494 0.0003027
   245/299     6.54G    0.0271   0.01345 0.0004177   0.04097       107       416    0.9638    0.8947    0.9539    0.7465   0.02687   0.03476 0.0003022
   246/299     6.54G   0.02712   0.01288 0.0004247   0.04042        52       416    0.9531    0.9041    0.9548    0.7486   0.02684   0.03411 0.0003004
   247/299     6.54G   0.02726   0.01323 0.0003726   0.04086       141       416    0.9616    0.8954    0.9538    0.7464   0.02695   0.03452 0.0003035
   248/299     6.54G   0.02656   0.01333 0.0003772   0.04027        81       416     0.973    0.8854    0.9534    0.7437   0.02699   0.03462 0.0003072
   249/299     6.54G    0.0268   0.01394 0.0003987   0.04114        97       416     0.968    0.8912    0.9551    0.7462   0.02688   0.03443 0.0003001
   250/299     6.54G   0.02696   0.01338 0.0004498   0.04079        92       416    0.9526    0.9074    0.9542    0.7429   0.02697   0.03444  0.000303
   251/299     6.54G   0.02688   0.01407 0.0003606   0.04131        88       416    0.9726    0.8864    0.9538    0.7446   0.02696   0.03468 0.0003064
   252/299     6.54G   0.02706   0.01351 0.0003841   0.04096       133       416    0.9615    0.8994    0.9555    0.7468    0.0268   0.03425 0.0003026
   253/299     6.54G   0.02683   0.01306 0.0003333   0.04022       101       416    0.9638    0.8912    0.9527    0.7441   0.02693   0.03476 0.0003031
   254/299     6.54G   0.02689   0.01372 0.0003395   0.04095       132       416    0.9785     0.882    0.9518    0.7431   0.02697   0.03486 0.0003013
   255/299     6.54G   0.02666   0.01317  0.000435   0.04027       114       416    0.9669    0.8914    0.9538    0.7486   0.02682   0.03444 0.0002973
   256/299     6.54G   0.02683   0.01299 0.0004388   0.04027       101       416    0.9622    0.8935     0.953    0.7481   0.02696   0.03457    0.0003
   257/299     6.54G   0.02714   0.01331 0.0003229   0.04078        87       416    0.9674    0.8878    0.9536    0.7467   0.02704   0.03448 0.0003046
   258/299     6.54G   0.02675   0.01298 0.0004094   0.04014        96       416    0.9652    0.8906    0.9537    0.7457   0.02702   0.03461 0.0003061
   259/299     6.54G   0.02681   0.01309 0.0003597   0.04026        92       416     0.967    0.8891    0.9527    0.7441   0.02708   0.03485 0.0003033
   260/299     6.54G   0.02696   0.01351 0.0003465   0.04082       113       416    0.9585    0.8938    0.9525    0.7439   0.02714   0.03478 0.0003047
   261/299     6.54G   0.02689   0.01333 0.0004229   0.04064        89       416    0.9644    0.8878    0.9507    0.7436   0.02714   0.03512 0.0003095
   262/299     6.54G   0.02724   0.01358 0.0003364   0.04116        98       416    0.9642    0.8883     0.952    0.7451   0.02699   0.03479 0.0003043
   263/299     6.54G   0.02702   0.01331 0.0003911   0.04072        82       416    0.9511    0.8995    0.9513    0.7403   0.02707   0.03478  0.000308
   264/299     6.54G   0.02678   0.01328 0.0003967   0.04046       125       416    0.9764    0.8773     0.951    0.7439   0.02695   0.03482 0.0003054
   265/299     6.54G   0.02705   0.01338 0.0003932   0.04082       119       416    0.9708    0.8847    0.9515    0.7442   0.02692   0.03484 0.0003051
   266/299     6.54G   0.02724   0.01316 0.0003657   0.04077       109       416    0.9751    0.8825     0.953     0.744   0.02692   0.03466 0.0003014
   267/299     6.54G   0.02712   0.01311 0.0003741    0.0406       105       416    0.9765    0.8833    0.9538    0.7453   0.02691   0.03457 0.0002979
   268/299     6.54G   0.02708   0.01337 0.0003545    0.0408       118       416     0.954    0.9017    0.9534    0.7454   0.02693   0.03485 0.0003007
   269/299     6.54G   0.02653   0.01326 0.0003835   0.04017        90       416    0.9532    0.9002    0.9524    0.7457   0.02691   0.03512 0.0003038
   270/299     6.54G   0.02705   0.01394 0.0003601   0.04135       146       416     0.957    0.9026    0.9534    0.7466   0.02686   0.03465 0.0002995
   271/299     6.54G   0.02675   0.01328 0.0003624    0.0404       115       416    0.9625    0.8967    0.9537    0.7449   0.02687   0.03457  0.000298
   272/299     6.54G   0.02749   0.01366 0.0003916   0.04154       123       416    0.9554    0.9026    0.9534    0.7473    0.0268   0.03446 0.0002995
   273/299     6.54G   0.02696   0.01299  0.000494   0.04044        80       416    0.9575    0.9045    0.9563    0.7465   0.02686   0.03414 0.0002922
   274/299     6.54G   0.02666   0.01399 0.0004021   0.04105        93       416    0.9643     0.904    0.9578     0.749   0.02678   0.03387 0.0002857
   275/299     6.54G   0.02672   0.01376 0.0003702   0.04085       100       416    0.9778    0.8849    0.9558    0.7478   0.02676   0.03424  0.000288
   276/299     6.54G   0.02651   0.01301 0.0004472   0.03996       108       416    0.9754    0.8824     0.954    0.7466   0.02682   0.03456  0.000291
   277/299     6.54G   0.02741   0.01339 0.0003902   0.04119       156       416    0.9598    0.8892    0.9522    0.7436   0.02686   0.03475 0.0002931
   278/299     6.54G    0.0271   0.01326 0.0004119   0.04077        60       416    0.9582    0.8893    0.9516     0.743   0.02688   0.03501 0.0002933
   279/299     6.54G   0.02723   0.01321 0.0003752   0.04081       115       416    0.9735    0.8783    0.9522    0.7436   0.02693   0.03495 0.0002937
   280/299     6.54G   0.02676   0.01372 0.0003355   0.04082       117       416    0.9721    0.8808    0.9521    0.7422   0.02698   0.03513 0.0002947
   281/299     6.54G   0.02695   0.01341 0.0004507   0.04081        69       416    0.9617    0.8924    0.9539    0.7458   0.02695   0.03481 0.0002926
   282/299     6.54G    0.0271   0.01305 0.0004412    0.0406       100       416    0.9784    0.8782    0.9543    0.7467   0.02691   0.03468   0.00029
   283/299     6.54G   0.02698   0.01357 0.0003629   0.04091       105       416    0.9698    0.8863    0.9535     0.746   0.02686   0.03463 0.0002904
   284/299     6.54G   0.02673   0.01347 0.0003404   0.04054        61       416    0.9643    0.8913     0.953    0.7472   0.02685   0.03455   0.00029
   285/299     6.54G    0.0269   0.01359 0.0003263   0.04081        83       416    0.9739    0.8857    0.9516    0.7447    0.0269    0.0347 0.0002901
   286/299     6.54G   0.02663   0.01341 0.0003244   0.04036        76       416     0.966    0.8932    0.9546    0.7495   0.02676    0.0341 0.0002861
   287/299     6.54G   0.02698   0.01265  0.000396   0.04003        84       416    0.9643    0.8881    0.9532    0.7508   0.02677   0.03441  0.000292
   288/299     6.54G   0.02681   0.01281 0.0003988   0.04002       118       416    0.9563    0.8944    0.9528    0.7494   0.02682   0.03459 0.0002926
   289/299     6.54G   0.02703   0.01356 0.0004104     0.041       116       416    0.9575    0.8959    0.9517     0.748   0.02686   0.03473 0.0002926
   290/299     6.54G   0.02616    0.0128 0.0003723   0.03934        68       416    0.9611    0.8934    0.9512    0.7455   0.02693   0.03471 0.0002924
   291/299     6.54G   0.02689   0.01331 0.0004658   0.04067        76       416    0.9622    0.8968    0.9517    0.7458   0.02689   0.03475 0.0002915
   292/299     6.54G   0.02694   0.01363 0.0003735   0.04095        76       416    0.9584    0.8985    0.9511    0.7439   0.02688   0.03483 0.0002924
   293/299     6.54G   0.02666   0.01296 0.0003625   0.03998        94       416    0.9723    0.8827    0.9511    0.7442   0.02688   0.03485  0.000293
   294/299     6.54G   0.02671   0.01317 0.0004119    0.0403       115       416    0.9724    0.8836    0.9534    0.7472   0.02683   0.03464 0.0002865
   295/299     6.54G   0.02676   0.01307 0.0003456   0.04018       108       416    0.9682    0.8873    0.9536    0.7457   0.02683   0.03468 0.0002834
   296/299     6.54G   0.02676   0.01328 0.0003802   0.04042       108       416    0.9554    0.8975    0.9536    0.7465   0.02681   0.03468 0.0002837
   297/299     6.54G   0.02638   0.01333 0.0003643   0.04008       109       416    0.9591    0.8949    0.9528    0.7458    0.0268   0.03477 0.0002843
   298/299     6.54G   0.02667   0.01293 0.0004346   0.04003        75       416    0.9569    0.8946    0.9531    0.7461   0.02683   0.03472 0.0002835
   299/299     6.54G   0.02674   0.01295 0.0004392   0.04013        93       416    0.9562    0.8979    0.9534    0.7476   0.02681   0.03464  0.000285
