     0/299     5.53G    0.1252   0.05465   0.04307    0.2229        86       416  0.001348   0.01656 6.118e-05     1e-05    0.1213   0.05696   0.04091
     1/299     6.57G    0.1215   0.05911   0.03793    0.2185        73       416  0.001458   0.01397 0.0002048 5.718e-05     0.116   0.06523   0.03609
     2/299     6.57G    0.1171   0.06564   0.03372    0.2165        44       416  0.003815   0.01099 0.0002458 9.532e-05    0.1104   0.07424    0.0329
     3/299     6.57G    0.1153   0.07107   0.03119    0.2175        62       416  0.002367   0.01658 0.0001459 4.573e-05    0.1067   0.07918   0.03066
     4/299     6.57G    0.1137   0.06999   0.02956    0.2132        57       416  0.003659   0.01439 0.0001901 3.278e-05    0.1047   0.08068   0.02903
     5/299     6.57G    0.1122   0.07019   0.02774    0.2101        35       416  0.003348   0.03054 0.0002137 3.664e-05    0.1037   0.08082   0.02777
     6/299     6.57G    0.1114   0.06891   0.02637    0.2067        41       416  0.004143    0.1039 0.0004838 8.477e-05    0.1026   0.08095    0.0267
     7/299     6.57G    0.1107   0.07198   0.02556    0.2082        58       416  0.005992    0.1807  0.001479 0.0002601    0.1015   0.08076   0.02579
     8/299     6.57G    0.1089    0.0692   0.02428    0.2024        56       416  0.009194    0.1994  0.004002 0.0007174    0.1004   0.08022     0.025
     9/299     6.57G    0.1075   0.07041   0.02356    0.2015        43       416   0.01683    0.1388  0.009341  0.001696   0.09955   0.07909   0.02424
    10/299     6.57G    0.1063   0.06762    0.0229    0.1968        50       416   0.03495    0.1188   0.02072  0.003932   0.09805   0.07832   0.02353
    11/299     6.57G    0.1008   0.07023    0.0219     0.193        94       416   0.06611    0.1248   0.04159  0.008076   0.09721   0.07656   0.02291
    12/299     6.57G    0.1041   0.06992   0.02138    0.1954        53       416   0.09559    0.1639   0.07259   0.01415   0.09577    0.0753   0.02226
    13/299     6.57G    0.1026    0.0727    0.0208    0.1961        80       416    0.6142    0.1647   0.08601   0.01694   0.09506   0.07283    0.0216
    14/299     6.57G   0.09948   0.06664   0.02015    0.1863        26       416    0.6229    0.2014    0.1129   0.02838   0.09371   0.07108   0.02081
    15/299     6.57G    0.0992   0.06536   0.01947     0.184        48       416      0.63    0.1906    0.1212   0.02815   0.09265   0.06892   0.02003
    16/299     6.57G   0.09578   0.06387   0.01813    0.1778        21       416    0.6587     0.197    0.1641   0.04381    0.0913   0.06648   0.01928
    17/299     6.57G   0.09487    0.0649   0.01757    0.1773        65       416    0.6907    0.2101    0.2038    0.0574   0.08953   0.06433   0.01846
    18/299     6.57G   0.09278   0.06185   0.01677    0.1714        47       416    0.7158    0.2261     0.261   0.07228    0.0885   0.06187   0.01771
    19/299     6.57G   0.08975   0.06035   0.01643    0.1665        40       416    0.7212    0.2416    0.3054   0.09353   0.08577   0.06074   0.01693
    20/299     6.57G   0.08751    0.0602   0.01514    0.1628        48       416    0.2214    0.5979    0.3416    0.1048   0.08416   0.05951   0.01629
    21/299     6.57G   0.08559   0.06128   0.01408    0.1609        50       416    0.2286    0.6071    0.3736    0.1133   0.08318   0.05819   0.01565
    22/299     6.57G   0.08427   0.06188   0.01298    0.1591        60       416    0.2549    0.5952    0.3895    0.1469   0.07805   0.05884   0.01473
    23/299     6.57G   0.08195   0.06088   0.01245    0.1553        53       416    0.3062    0.6148    0.4453    0.1269   0.07732   0.05714    0.0136
    24/299     6.57G   0.07912   0.05973   0.01157    0.1504        54       416    0.3773    0.5935     0.495    0.1812   0.07631   0.05621   0.01241
    25/299     6.57G   0.07763   0.05813   0.01081    0.1466        36       416    0.4609    0.5684    0.5522    0.2067   0.07258   0.05652   0.01143
    26/299     6.57G   0.07583   0.05745  0.009736     0.143        53       416    0.4942    0.5622    0.5782    0.2234   0.07038   0.05638   0.01023
    27/299     6.57G   0.07425   0.05686  0.009587    0.1407        25       416    0.5279     0.626    0.6222    0.2337   0.07302   0.05457  0.009302
    28/299     6.57G   0.07206   0.05433  0.008512    0.1349        40       416    0.3205    0.5241    0.3983   0.08285   0.07705    0.0539  0.008374
    29/299     6.57G   0.07199   0.05601  0.007369    0.1354        42       416    0.2904    0.5579    0.3978    0.1139    0.0775    0.0526  0.007571
    30/299     6.57G   0.06983   0.05558  0.006746    0.1322        78       416    0.4484    0.6516     0.564    0.2276   0.07074    0.0534  0.006783
    31/299     6.57G   0.07174    0.0557  0.006175    0.1336        42       416    0.5024    0.6787    0.6291    0.2811   0.06525   0.05401  0.006218
    32/299     6.57G   0.07026    0.0578  0.005675    0.1337        58       416    0.3874    0.6746    0.4319    0.1475   0.06822   0.05389  0.005722
    33/299     6.57G   0.07071   0.05455  0.005299    0.1306        45       416    0.4053    0.6841    0.5782    0.1887    0.0709   0.05212  0.005249
    34/299     6.57G   0.06998   0.05283  0.004784    0.1276        49       416     0.563    0.5221    0.5942    0.2625   0.06836   0.05209  0.004863
    35/299     6.57G   0.06807   0.05735  0.004577      0.13        85       416    0.3062    0.5957    0.4045    0.1084   0.07121   0.05217  0.004482
    36/299     6.57G   0.06811   0.05524  0.004087    0.1274        57       416    0.3985    0.7087    0.5556     0.158   0.07367   0.04956  0.004123
    37/299     6.57G   0.06958   0.05237  0.003854    0.1258        54       416    0.4231    0.5436    0.5323    0.1065   0.07434   0.04962    0.0038
    38/299     6.57G   0.06928    0.0531  0.003586     0.126        45       416    0.4799    0.5957    0.5769    0.1439   0.07388   0.04853  0.003651
    39/299     6.57G    0.0691   0.05339    0.0033    0.1258        60       416    0.6564    0.6957    0.7088    0.3326   0.05859   0.05379  0.003402
    40/299     6.57G   0.06506   0.05202  0.003085    0.1202        62       416    0.4153    0.5445    0.4955     0.144   0.06738   0.04988  0.003207
    41/299     6.57G   0.06676   0.05027  0.002937      0.12        27       416    0.5186     0.473     0.553    0.3019   0.06799   0.04861  0.003055
    42/299     6.57G    0.0671   0.04947  0.002912    0.1195        35       416    0.5777    0.6108    0.6827    0.3194   0.05868    0.0505   0.00291
    43/299     6.57G    0.0652   0.04998  0.002735    0.1179        44       416    0.3814     0.634    0.5068    0.2165   0.06797   0.04905  0.002864
    44/299     6.57G   0.06542    0.0501  0.002684    0.1182        73       416    0.4482    0.6977    0.5809    0.3082   0.05925   0.04927  0.002786
    45/299     6.57G   0.06534    0.0467   0.00266    0.1147        43       416    0.5367    0.6013    0.5783    0.1878   0.07269    0.0463  0.002655
    46/299     6.57G   0.06337    0.0475  0.002453    0.1133        26       416    0.4111    0.6376    0.5046     0.115   0.06877   0.04656  0.002653
    47/299     6.57G   0.06218   0.04757   0.00226     0.112        40       416    0.3793    0.6495    0.5551    0.3071   0.06547   0.04666  0.002453
    48/299     6.57G   0.06398   0.04874  0.002207    0.1149        33       416    0.5105    0.5141    0.5096    0.2267    0.0601   0.04976  0.002466
    49/299     6.57G   0.06097   0.04856  0.002236    0.1118        36       416    0.5259    0.7173    0.6047    0.2163   0.05724   0.04758  0.002339
    50/299     6.57G   0.06244   0.04583  0.002071    0.1103        52       416    0.4785     0.603    0.6083    0.3377    0.0696   0.04495  0.002331
    51/299     6.57G   0.06022   0.04723  0.002118    0.1096        29       416    0.5684    0.5299    0.6207    0.2453    0.0607   0.04589  0.002159
    52/299     6.57G   0.05913   0.04718  0.001987    0.1083        93       416    0.4771    0.7864    0.5981    0.3138   0.05492   0.04793  0.002045
    53/299     6.57G   0.06112   0.04803  0.001893     0.111        96       416    0.5565    0.7508    0.7257    0.2152   0.06887   0.04484  0.002053
    54/299     6.57G   0.06089   0.04438    0.0019    0.1072        19       416    0.7424     0.784    0.7986     0.462   0.05181   0.04607   0.00204
    55/299     6.57G   0.05772   0.04359  0.001941    0.1033        33       416     0.415    0.7605    0.4486   0.06514   0.06304   0.04778  0.002054
    56/299     6.57G   0.05957   0.04596   0.00191    0.1074        34       416    0.3721    0.5914    0.4788    0.1811   0.06128   0.04515  0.001918
    57/299     6.57G   0.05915   0.04724  0.001844    0.1082        54       416    0.4635    0.7879    0.5905    0.2422   0.05889   0.04431  0.001906
    58/299     6.57G   0.05873   0.04528   0.00185    0.1059        41       416    0.5578    0.4627    0.5674    0.2913   0.05348   0.04595  0.001839
    59/299     6.57G   0.05783    0.0433  0.001817    0.1029        57       416    0.6401    0.4488    0.6034    0.3345   0.06332    0.0439  0.001796
    60/299     6.57G   0.05715   0.04461  0.001661    0.1034        69       416    0.5845    0.7953    0.7621    0.4072   0.05108   0.04586  0.001748
    61/299     6.57G   0.05708   0.04577  0.001702    0.1046        40       416    0.6581    0.6076    0.6976    0.2791   0.05548   0.04461  0.001761
    62/299     6.57G   0.05692   0.04446  0.001707    0.1031        42       416    0.5929    0.8274    0.7131    0.3471   0.04675   0.04941  0.001833
    63/299     6.57G   0.05466   0.04368  0.001667       0.1        55       416     0.505    0.7647    0.6457    0.2515   0.05989   0.04267  0.001695
    64/299     6.57G   0.05631   0.04545  0.001737    0.1035        74       416    0.4982    0.4844    0.5376    0.1859   0.05457   0.04336  0.001715
    65/299     6.57G   0.05491   0.04389  0.001675    0.1005        19       416    0.7954    0.8284     0.866    0.3125   0.05332   0.04374  0.001656
    66/299     6.57G    0.0544   0.04336  0.001661   0.09942        53       416    0.5764    0.8204    0.6794    0.3532   0.05088   0.04588  0.001705
    67/299     6.57G   0.05409    0.0428  0.001626   0.09851        23       416    0.6097    0.8063    0.7511    0.3819   0.04812    0.0458  0.001704
    68/299     6.57G   0.05289    0.0434  0.001599   0.09789        53       416    0.5886    0.7931    0.7366    0.3205    0.0541   0.04197   0.00168
    69/299     6.57G   0.04978   0.04071  0.001517     0.092        40       416    0.4719    0.7778    0.6504    0.2013   0.05199   0.04357  0.001618
    70/299     6.57G   0.05077   0.04066  0.001568     0.093        34       416    0.5504    0.8079    0.7166    0.2741   0.05109   0.04514  0.001617
    71/299     6.57G   0.04978    0.0423  0.001565   0.09365        46       416    0.6807    0.8626    0.7936    0.4133   0.04513   0.04083  0.001538
    72/299     6.57G   0.05049   0.04219  0.001545   0.09423        63       416    0.5243    0.8012    0.6493    0.2722   0.04843   0.04237  0.001525
    73/299     6.57G   0.04911   0.04055  0.001442    0.0911        52       416    0.5614    0.8086     0.728     0.363   0.04648   0.04287  0.001465
    74/299     6.57G   0.04948   0.04236  0.001535   0.09338        47       416    0.6801     0.547    0.6934    0.2275   0.05514   0.04177  0.001503
    75/299     6.57G   0.04919    0.0404  0.001442   0.09103        52       416    0.6635    0.6061    0.7442    0.2379   0.05035   0.04269  0.001514
    76/299     6.57G   0.05133   0.04336  0.001442   0.09614        85       416    0.5171    0.8355    0.6835    0.1985    0.0542    0.0424  0.001482
    77/299     6.57G   0.04925   0.03947   0.00141   0.09014        58       416    0.9377     0.849    0.9348    0.6161   0.03993   0.04371  0.001449
    78/299     6.57G    0.0463   0.04131  0.001385     0.089        66       416    0.8477    0.8429    0.8918    0.3633   0.04437   0.04157  0.001379
    79/299     6.57G   0.04778   0.04077  0.001346    0.0899        41       416    0.9451    0.8482    0.9452    0.2952   0.05043   0.04163  0.001438
    80/299     6.57G   0.04689   0.04003  0.001536   0.08846        59       416    0.8172    0.8459    0.8939    0.5575   0.04429   0.04085  0.001414
    81/299     6.57G    0.0468   0.04033  0.001415   0.08855        47       416    0.9286    0.8753    0.9479    0.4933   0.04295   0.04093  0.001498
    82/299     6.57G   0.04555   0.04153  0.001359   0.08844        64       416    0.9153    0.8652     0.936    0.6117   0.04133   0.04282  0.001438
    83/299     6.57G    0.0446    0.0402  0.001317   0.08612        69       416    0.8281     0.684    0.8638    0.4137    0.0438   0.03918  0.001376
    84/299     6.57G   0.04479     0.039  0.001268   0.08506        45       416    0.5966    0.8201    0.7404     0.226   0.05058   0.04005   0.00137
    85/299     6.57G   0.04608   0.04053  0.001312   0.08792        58       416    0.7121    0.8176    0.8137     0.435   0.04247   0.03843  0.001337
    86/299     6.57G   0.04525   0.04081  0.001265   0.08733        41       416    0.9112    0.8579    0.9349    0.4016    0.0459   0.04259  0.001384
    87/299     6.57G   0.04704   0.04122  0.001308   0.08956        41       416    0.8885    0.8682    0.9123    0.3574   0.04799   0.04187  0.001463
    88/299     6.57G   0.04448   0.03969  0.001361   0.08553        62       416      0.93    0.8833    0.9529    0.6403   0.04048   0.04124  0.001395
    89/299     6.57G   0.04058   0.03754  0.001245   0.07937        33       416    0.9428    0.8739    0.9587    0.5906   0.03935   0.03733  0.001298
    90/299     6.57G   0.04343   0.04013  0.001258   0.08481        68       416    0.9147    0.8468    0.9227    0.6018   0.03711   0.04245  0.001373
    91/299     6.57G   0.04264   0.04074  0.001268   0.08466        75       416    0.9392    0.8844    0.9588     0.631   0.03985    0.0377  0.001287
    92/299     6.57G    0.0433   0.03995    0.0012   0.08445        55       416    0.9329    0.9049    0.9623    0.6144   0.04009   0.04328  0.001299
    93/299     6.57G   0.04198    0.0387  0.001191   0.08188        41       416    0.9085    0.8662    0.9455    0.6346   0.03784   0.03808   0.00127
    94/299     6.57G   0.04108   0.03673  0.001165   0.07897        58       416      0.91    0.8975    0.9549    0.5915   0.04247   0.04121  0.001247
    95/299     6.57G   0.04059   0.03905  0.001159    0.0808        45       416    0.8662    0.8503    0.9138    0.4691   0.03988   0.03932  0.001314
    96/299     6.57G   0.04118   0.04021  0.001157   0.08254        77       416    0.9426    0.8687    0.9451     0.604   0.03703   0.04048  0.001305
    97/299     6.57G   0.03931   0.03822  0.001162   0.07869        69       416    0.9507     0.882    0.9557    0.5785   0.03771   0.03825  0.001158
    98/299     6.57G   0.03962   0.03735   0.00106   0.07803        43       416    0.9395    0.8963    0.9582    0.6229   0.03603   0.03765  0.001178
    99/299     6.57G   0.04143    0.0409  0.001053   0.08338        99       416    0.9464    0.8725    0.9459    0.6499   0.03583   0.04087  0.001249
   100/299     6.57G   0.03942   0.03616  0.001108   0.07669        44       416    0.9292    0.9002    0.9544    0.6826   0.03327   0.03718  0.001155
   101/299     6.57G   0.03856   0.03721  0.001048   0.07682        60       416    0.9509    0.8927    0.9647    0.6634   0.03518   0.03709  0.001098
   102/299     6.57G   0.03917   0.03704  0.001047   0.07726        53       416    0.9256    0.8718    0.9521    0.5556   0.03926   0.03725  0.001097
   103/299     6.57G   0.03797   0.03683  0.001064   0.07587        46       416    0.9419    0.8887      0.96    0.6117    0.0371   0.03804  0.001145
   104/299     6.57G   0.03675   0.03598 0.0009768    0.0737        34       416    0.9416    0.8913    0.9585    0.5681   0.03812   0.03843  0.001076
   105/299     6.57G   0.03757   0.03701  0.000947   0.07552        65       416    0.9493    0.8885    0.9617    0.6773   0.03457   0.03575  0.001052
   106/299     6.57G   0.03887   0.03694 0.0009888    0.0768        59       416     0.958    0.8888    0.9668    0.6463    0.0354   0.03754   0.00111
   107/299     6.57G   0.03735    0.0383  0.001004   0.07665        59       416    0.9523    0.8932    0.9686    0.6245   0.03575   0.03618  0.001112
   108/299     6.57G   0.03639    0.0351 0.0009634   0.07245        35       416    0.9352    0.8634    0.9408    0.6878    0.0324   0.03739  0.001142
   109/299     6.57G   0.03528   0.03671 0.0008848   0.07287        55       416    0.9488    0.8682    0.9484    0.7078   0.03293   0.03647  0.001057
   110/299     6.57G    0.0388   0.03655 0.0008601   0.07621        58       416    0.9449    0.8802    0.9528     0.702   0.03373   0.03764  0.001028
   111/299     6.57G   0.03834   0.03554 0.0009042   0.07478        62       416    0.9431    0.9011    0.9598     0.672   0.03422   0.03668  0.001044
   112/299     6.57G   0.03543   0.03526 0.0008795   0.07156        44       416    0.9418    0.8987    0.9565    0.7017   0.03368   0.03798  0.001049
   113/299     6.57G   0.03742   0.03528 0.0008686   0.07357        38       416     0.954    0.8856    0.9605    0.6607    0.0341   0.03716  0.001024
   114/299     6.57G   0.03528   0.03468 0.0008475   0.07081        29       416    0.9582    0.8746    0.9555    0.6961    0.0327   0.03597 0.0009769
   115/299     6.57G   0.03591   0.03714 0.0008103   0.07386        59       416    0.9336    0.8991    0.9608    0.6972   0.03282    0.0364 0.0009434
   116/299     6.57G   0.03602    0.0382 0.0008071   0.07503        88       416    0.9476    0.8763    0.9473    0.6743    0.0321   0.03778  0.001018
   117/299     6.57G   0.03568   0.03609  0.000818   0.07258        59       416    0.9482    0.8861    0.9582    0.6435   0.03485   0.03655 0.0009913
   118/299     6.57G   0.03515   0.03648 0.0007939   0.07243        54       416    0.9472    0.8903    0.9516     0.706   0.03145   0.03651   0.00105
   119/299     6.57G    0.0366   0.03546  0.000777   0.07284        72       416    0.9627    0.8709    0.9577     0.581   0.04092   0.03701 0.0009331
   120/299     6.57G   0.03448   0.03646 0.0007853   0.07173        86       416    0.9456     0.881    0.9541    0.7053     0.033    0.0378 0.0009138
   121/299     6.57G    0.0355   0.03293 0.0007445   0.06918        35       416    0.9682    0.8695    0.9528    0.5357    0.0402    0.0381 0.0009301
   122/299     6.57G   0.03422   0.03399 0.0007191   0.06892        59       416    0.9443    0.8847    0.9501    0.6889   0.03164   0.03754 0.0009346
   123/299     6.57G   0.03431   0.03449 0.0007386   0.06954        60       416    0.9527    0.8652    0.9461    0.7101   0.03161   0.03671 0.0009339
   124/299     6.57G   0.03507   0.03448 0.0007081   0.07026        34       416    0.9429    0.8801      0.95    0.7052   0.03174   0.03663 0.0009319
   125/299     6.57G   0.03515   0.03491 0.0007021   0.07076        58       416    0.9328    0.8965     0.957    0.7138   0.03114   0.03632 0.0009169
   126/299     6.57G     0.033   0.03568 0.0007104   0.06939        61       416    0.9568    0.8896    0.9586    0.7007   0.03138   0.03457 0.0008729
   127/299     6.57G    0.0352   0.03667 0.0007019   0.07257        46       416    0.9652    0.8751    0.9588    0.6487   0.03376    0.0361 0.0009242
   128/299     6.57G   0.03404   0.03623 0.0006818   0.07095        67       416    0.9479    0.8936    0.9606    0.5227   0.04155   0.03766 0.0008703
   129/299     6.57G    0.0354   0.03788 0.0006742   0.07395        98       416    0.9525    0.8939    0.9663    0.7194   0.03119   0.03424 0.0008354
   130/299     6.57G   0.03261   0.03288  0.000692   0.06618        46       416    0.9561    0.8835    0.9582    0.7057   0.03132   0.03538 0.0008754
   131/299     6.57G   0.03225   0.03461 0.0006623   0.06752        31       416    0.9646    0.8657    0.9528    0.7156   0.03205   0.03673 0.0008553
   132/299     6.57G    0.0326   0.03391 0.0006365   0.06715        37       416    0.9374    0.8973    0.9548    0.6987    0.0309   0.03467 0.0008977
   133/299     6.57G   0.03211   0.03179 0.0006569   0.06456        32       416    0.9422    0.8956    0.9555    0.7166   0.03052   0.03541 0.0008619
   134/299     6.57G   0.03255   0.03316 0.0006332   0.06634        29       416    0.9448    0.8941    0.9586    0.7027   0.03289   0.03518 0.0008376
   135/299     6.57G   0.03409   0.03457 0.0006283   0.06929        66       416    0.9336    0.8955    0.9528     0.641   0.03446   0.03742 0.0008414
   136/299     6.57G   0.03233   0.03267 0.0006497   0.06565        23       416    0.9473    0.8784    0.9443    0.7081    0.0313   0.03823 0.0008465
   137/299     6.57G   0.03116   0.03179  0.000594   0.06355        26       416    0.9443    0.8589    0.9336    0.5703    0.0383   0.03948 0.0008278
   138/299     6.57G    0.0333   0.03613 0.0005946   0.07003        76       416    0.9212    0.9048    0.9569    0.7219   0.03024   0.03514  0.000818
   139/299     6.57G   0.03298     0.034 0.0005969   0.06758        40       416    0.9502    0.8764    0.9504    0.6923   0.03297   0.03592 0.0008193
   140/299     6.57G   0.03343     0.034 0.0006223   0.06805        35       416    0.9554     0.872    0.9506     0.691   0.03133   0.03765  0.000809
   141/299     6.57G   0.03304   0.03485 0.0005785   0.06847        64       416    0.9538    0.8942    0.9584    0.7096   0.03186   0.03593 0.0007991
   142/299     6.57G   0.03366   0.03464 0.0005729   0.06887        44       416    0.9584    0.8725    0.9458    0.6414   0.03649   0.03828 0.0008058
   143/299     6.57G   0.03217   0.03354 0.0005752   0.06629        71       416    0.9481    0.9036    0.9611    0.7114   0.03166   0.03495 0.0007745
   144/299     6.57G   0.03248   0.03396 0.0005796   0.06702        42       416    0.9579    0.8877    0.9568    0.7186   0.03003   0.03586  0.000756
   145/299     6.57G    0.0335   0.03541 0.0005737   0.06948        52       416    0.9484    0.8949    0.9568    0.7181    0.0303   0.03452  0.000764
   146/299     6.57G   0.03288   0.03405 0.0005585   0.06749        47       416    0.9504    0.8897    0.9602    0.7296    0.0295   0.03423 0.0007933
   147/299     6.57G   0.03113   0.03326 0.0005407   0.06493        31       416    0.9423    0.8954    0.9583    0.7231   0.03003   0.03421 0.0007967
   148/299     6.57G   0.03247   0.03399 0.0006097   0.06706        40       416    0.9655    0.8843    0.9591    0.7321   0.03008   0.03502 0.0007796
   149/299     6.57G   0.03306   0.03455 0.0005321   0.06814        60       416    0.9674     0.865    0.9496    0.7174   0.03003   0.03607  0.000758
   150/299     6.57G   0.03241   0.03391   0.00051   0.06683        73       416    0.9542    0.8766    0.9473    0.7189   0.03022   0.03735 0.0007297
   151/299     6.57G   0.03087   0.03229 0.0005654   0.06372        25       416    0.9425    0.8967    0.9582    0.7344   0.02958   0.03507 0.0007107
   152/299     6.57G   0.03138   0.03302  0.000513   0.06491        37       416    0.9395    0.9037    0.9563    0.7306   0.02966   0.03447  0.000706
   153/299     6.57G   0.03002    0.0333  0.000515   0.06383        60       416    0.9676    0.8824    0.9555    0.6779   0.03279   0.03516  0.000705
   154/299     6.57G   0.03196   0.03392 0.0005382   0.06642        63       416    0.9502    0.9018    0.9638    0.7085   0.03135   0.03421 0.0006991
   155/299     6.57G   0.03208   0.03345 0.0004946   0.06602        62       416    0.9464    0.9016    0.9652    0.7324   0.03099   0.03458 0.0007092
   156/299     6.57G   0.03153   0.03253 0.0004928   0.06456        61       416    0.9307    0.9049    0.9561     0.702   0.03143   0.03498 0.0007028
   157/299     6.57G   0.03088   0.03207 0.0004998   0.06344        46       416    0.9417    0.8947    0.9564    0.7181   0.03105   0.03379 0.0007149
   158/299     6.57G   0.03046   0.03207 0.0004823   0.06302        40       416    0.9526    0.8801    0.9503     0.702   0.03062   0.03562 0.0007545
   159/299     6.57G    0.0313   0.03329 0.0004945   0.06509        36       416    0.9521    0.8872    0.9556     0.727   0.02988   0.03453 0.0007066
   160/299     6.57G   0.03137    0.0338 0.0004687   0.06564        69       416    0.9444    0.8951    0.9606    0.7275   0.02942   0.03364 0.0006682
   161/299     6.57G   0.02953   0.03216 0.0004677   0.06215        53       416    0.9467    0.8945    0.9588     0.724    0.0304   0.03469 0.0006831
   162/299     6.57G   0.03031   0.03261 0.0004644   0.06339        39       416    0.9623    0.8859    0.9513     0.721   0.03107   0.03496  0.000729
   163/299     6.57G   0.03021   0.03439 0.0004335   0.06503        50       416    0.9433    0.9004    0.9595     0.714   0.03139   0.03403 0.0006975
   164/299     6.57G   0.03077   0.03258 0.0004921   0.06385        49       416    0.9405     0.904    0.9598    0.7274   0.02985   0.03466 0.0006754
   165/299     6.57G    0.0304   0.03214 0.0004451   0.06298        60       416    0.9564    0.8901    0.9584    0.7254   0.02933   0.03394 0.0006486
   166/299     6.57G   0.03053   0.03403 0.0004549   0.06501        54       416    0.9619    0.8912    0.9661    0.7173   0.03042    0.0336 0.0006367
   167/299     6.57G   0.03135   0.03427 0.0004449   0.06606        61       416    0.9581    0.8937    0.9607    0.7343   0.02933   0.03361 0.0006559
   168/299     6.57G   0.03171   0.03181 0.0004598   0.06398        28       416    0.9517    0.8977    0.9587    0.7136   0.03147    0.0342 0.0006439
   169/299     6.57G   0.02976   0.03131 0.0004227   0.06149        40       416     0.967    0.8833    0.9627    0.7414   0.02862   0.03429 0.0006417
   170/299     6.57G   0.02968   0.03258 0.0004378   0.06269        35       416    0.9341     0.907    0.9591    0.7258   0.02995    0.0342 0.0006299
   171/299     6.57G   0.03101   0.03251 0.0004602   0.06397        27       416    0.9456    0.9023    0.9617    0.7341   0.02898   0.03345 0.0006218
   172/299     6.57G   0.03044   0.03269  0.000405   0.06354        47       416    0.9387    0.9025    0.9582    0.7342   0.02892   0.03492 0.0006314
   173/299     6.57G    0.0294   0.03297 0.0004139   0.06278        47       416    0.9502     0.894    0.9563    0.7345   0.02911   0.03503 0.0006267
   174/299     6.57G   0.02903   0.03145 0.0004013   0.06088        28       416    0.9546    0.8814     0.953    0.7115   0.03113   0.03492 0.0006221
   175/299     6.57G   0.03044   0.03208  0.000405   0.06293        34       416    0.9443    0.8997    0.9618    0.7348   0.02951   0.03366 0.0006158
   176/299     6.57G   0.03036   0.03116 0.0004128   0.06193        36       416    0.9531    0.8889    0.9593    0.7351   0.02902   0.03387 0.0006228
   177/299     6.57G   0.03111   0.03319 0.0004471   0.06474        47       416    0.9529    0.8979     0.959     0.732   0.02935   0.03353 0.0006136
   178/299     6.57G    0.0309    0.0319 0.0004232   0.06322        37       416    0.9525    0.8866     0.957    0.7343   0.02896   0.03413 0.0005871
   179/299     6.57G   0.03049    0.0338 0.0004304   0.06472        36       416    0.9573    0.8898      0.96    0.7355   0.02863   0.03379 0.0005701
   180/299     6.57G   0.02885    0.0313 0.0003809   0.06053        55       416    0.9468    0.9016    0.9607    0.7329   0.02918   0.03335 0.0005778
   181/299     6.57G   0.02963   0.03336 0.0003848   0.06337        65       416    0.9456    0.9038    0.9632    0.7435   0.02861   0.03353 0.0005807
   182/299     6.57G   0.03191   0.03595 0.0004011   0.06826        97       416    0.9657    0.8854    0.9591    0.7265   0.03031   0.03438 0.0005814
   183/299     6.57G   0.02991   0.03169 0.0003724   0.06198        37       416    0.9478    0.8988    0.9586    0.7079   0.03146   0.03442 0.0005767
   184/299     6.57G   0.03166   0.03521 0.0003693   0.06724       100       416    0.9526    0.8887    0.9539    0.7119   0.03046   0.03497 0.0005957
   185/299     6.57G   0.02993   0.03335 0.0003739   0.06366        70       416    0.9522    0.8887    0.9567    0.7357   0.02905   0.03394  0.000624
   186/299     6.57G   0.02906   0.03175 0.0003695   0.06118        47       416    0.9527    0.8915    0.9567    0.7319   0.02918   0.03358 0.0006036
   187/299     6.57G   0.02891   0.03058  0.000368   0.05986        36       416    0.9527    0.8967    0.9619    0.7386   0.02876   0.03283 0.0005736
   188/299     6.57G   0.02954   0.03088 0.0003523   0.06077        37       416    0.9532    0.9001    0.9624    0.7423   0.02828   0.03289 0.0005683
   189/299     6.57G   0.02881   0.03284 0.0003473   0.06199        46       416    0.9647    0.8765    0.9522    0.7388   0.02846   0.03464 0.0005762
   190/299     6.57G   0.02873   0.02998 0.0003635   0.05907        36       416    0.9654     0.887    0.9621    0.7416   0.02843   0.03341  0.000567
   191/299     6.57G   0.02951   0.03275 0.0003356    0.0626        69       416     0.964    0.8862    0.9622    0.7417   0.02842   0.03305 0.0005746
   192/299     6.57G   0.02944   0.03122 0.0003585   0.06102        41       416    0.9598    0.8884    0.9615    0.7447   0.02857     0.034 0.0005895
   193/299     6.57G   0.03128    0.0331 0.0003483   0.06472        83       416    0.9615    0.8961     0.966    0.7453    0.0283   0.03253 0.0005491
   194/299     6.57G    0.0303   0.03416 0.0003401   0.06479        85       416    0.9458    0.9096    0.9672    0.7415   0.02882   0.03361 0.0005404
   195/299     6.57G   0.02915   0.03268 0.0003421   0.06217        78       416    0.9655    0.8795    0.9554    0.7325   0.02871    0.0338 0.0005507
   196/299     6.57G   0.02992   0.03101 0.0003338   0.06126        29       416    0.9607    0.8844    0.9557    0.7284    0.0297   0.03412  0.000544
   197/299     6.57G   0.02933   0.03128 0.0003334   0.06094        44       416    0.9671    0.8837    0.9599    0.7263   0.02969   0.03422 0.0005421
   198/299     6.57G   0.02943   0.03127 0.0003151   0.06101        47       416    0.9479    0.9011     0.964    0.7453   0.02858   0.03304 0.0005415
   199/299     6.57G   0.03042   0.03265 0.0003228    0.0634        42       416    0.9508    0.8961    0.9612    0.7433   0.02825   0.03329 0.0005519
   200/299     6.57G   0.03014   0.03227 0.0003358   0.06275        59       416    0.9465    0.9021    0.9634    0.7387   0.02835   0.03354 0.0005582
   201/299     6.57G   0.02909   0.03105 0.0003289   0.06047        59       416    0.9351    0.9093    0.9626    0.7476   0.02831   0.03338 0.0005488
   202/299     6.57G   0.02855   0.03106 0.0003232   0.05993        59       416    0.9504    0.8977    0.9642    0.7403   0.02874   0.03309 0.0005406
   203/299     6.57G   0.02859   0.03225 0.0003688   0.06121        49       416     0.954    0.8935    0.9603    0.7431   0.02829    0.0333 0.0005482
   204/299     6.57G   0.03008   0.03436 0.0003155   0.06476        53       416    0.9593    0.8961    0.9674    0.7484   0.02811   0.03244 0.0005231
   205/299     6.57G   0.02905   0.03133 0.0003239    0.0607        54       416     0.944    0.9049    0.9638    0.7444   0.02822   0.03306 0.0005299
   206/299     6.57G   0.02816   0.03219 0.0003057   0.06065        62       416    0.9542    0.8928    0.9577    0.7306   0.02896   0.03389 0.0005464
   207/299     6.57G   0.02942   0.03096 0.0003243    0.0607        44       416    0.9528    0.8848    0.9566    0.7295    0.0292    0.0337 0.0005578
   208/299     6.57G   0.02946    0.0327 0.0002907   0.06244        65       416    0.9456    0.8967    0.9607    0.7307    0.0294   0.03353 0.0005621
   209/299     6.57G   0.02868   0.03016 0.0003002   0.05914        38       416    0.9462    0.8999    0.9598     0.735   0.02872   0.03381   0.00055
   210/299     6.57G   0.02867   0.03145 0.0003517   0.06048        45       416    0.9442    0.9098    0.9651    0.7397   0.02917   0.03294   0.00051
   211/299     6.57G   0.02797   0.03023 0.0002748   0.05848        36       416    0.9455    0.9059    0.9634     0.732   0.02934   0.03338 0.0005071
   212/299     6.57G   0.02934   0.03117 0.0002906    0.0608        56       416     0.949    0.9071    0.9669     0.736   0.02906   0.03287 0.0005038
   213/299     6.57G   0.02824   0.03205 0.0002786   0.06057        58       416    0.9495    0.9043    0.9643     0.747   0.02824   0.03317  0.000517
   214/299     6.57G   0.02789   0.02916 0.0002773   0.05732        30       416    0.9468    0.8945    0.9594    0.7367   0.02876   0.03403 0.0005337
   215/299     6.57G   0.02977   0.03223 0.0002924   0.06229        61       416     0.951    0.9033    0.9671    0.7479   0.02839   0.03261 0.0005092
   216/299     6.57G    0.0296   0.03174 0.0002806   0.06161        55       416    0.9496    0.9027    0.9627    0.7477    0.0281   0.03377 0.0005184
   217/299     6.57G    0.0285   0.03069 0.0003055   0.05949        37       416    0.9651    0.8901    0.9604    0.7398   0.02855   0.03355 0.0005076
   218/299     6.57G   0.02883    0.0313 0.0002793   0.06042        48       416    0.9555    0.9033    0.9646    0.7376   0.02882    0.0328 0.0004985
   219/299     6.57G   0.02809   0.03072 0.0002867    0.0591        40       416    0.9449    0.9071    0.9636    0.7255   0.02931   0.03319 0.0005215
   220/299     6.57G   0.02859    0.0307 0.0002804   0.05958        34       416    0.9577    0.8873    0.9607    0.7333   0.02874   0.03317 0.0005354
   221/299     6.57G    0.0289   0.03068 0.0002788   0.05986        53       416    0.9492    0.9031     0.962    0.7429   0.02813   0.03306 0.0005221
   222/299     6.57G   0.02814   0.03084  0.000286   0.05927        37       416    0.9618     0.892     0.964    0.7443   0.02817   0.03269  0.000504
   223/299     6.57G    0.0287   0.03032 0.0002657   0.05929        35       416    0.9595    0.8945    0.9609    0.7453    0.0284   0.03357 0.0005108
   224/299     6.57G    0.0291   0.03316 0.0003116   0.06258        60       416    0.9499    0.9045    0.9663    0.7434   0.02873    0.0329 0.0004888
   225/299     6.57G   0.02791   0.03134 0.0002674   0.05952        57       416    0.9557     0.891    0.9584    0.7381   0.02802   0.03296 0.0005008
   226/299     6.57G   0.02811   0.03149 0.0002997    0.0599        53       416     0.942    0.9051    0.9597    0.7404   0.02803   0.03269 0.0005074
   227/299     6.57G   0.02835   0.03168 0.0002581   0.06029        70       416    0.9544    0.8882    0.9577    0.7403    0.0283   0.03331 0.0005071
   228/299     6.57G   0.02861   0.03207 0.0002709   0.06095        71       416    0.9418    0.9055    0.9605    0.7447    0.0281   0.03296 0.0004841
   229/299     6.57G   0.02886   0.03187 0.0002772   0.06101        54       416     0.969    0.8888    0.9622    0.7454   0.02809   0.03252 0.0004784
   230/299     6.57G   0.02791   0.02992   0.00025   0.05808        31       416    0.9466    0.9046    0.9621    0.7451   0.02857   0.03332 0.0004809
   231/299     6.57G   0.02798   0.03023 0.0002852    0.0585        33       416    0.9495    0.9035    0.9618    0.7471   0.02803   0.03304 0.0004759
   232/299     6.57G   0.02776   0.03251 0.0002596   0.06053        72       416    0.9542     0.899     0.964    0.7426   0.02827   0.03288 0.0004719
   233/299     6.57G   0.02797    0.0296 0.0002525   0.05782        43       416    0.9609    0.8981    0.9663    0.7446   0.02818   0.03249 0.0004715
   234/299     6.57G    0.0281   0.03272 0.0002784    0.0611        89       416    0.9649    0.8946     0.963    0.7453   0.02802    0.0323 0.0004836
   235/299     6.57G   0.02811   0.02981 0.0002599   0.05818        23       416    0.9689    0.8877    0.9618    0.7379   0.02886   0.03298  0.000486
   236/299     6.57G   0.02785    0.0307 0.0002499    0.0588        42       416    0.9664    0.8881    0.9618    0.7362   0.02864   0.03288 0.0004796
   237/299     6.57G   0.02726   0.03096 0.0002404   0.05846        67       416    0.9633     0.891    0.9605    0.7229   0.02969   0.03318 0.0004699
   238/299     6.57G   0.02899   0.03073 0.0002525   0.05998        83       416    0.9468    0.8961    0.9565    0.7314   0.02909    0.0337 0.0004768
   239/299     6.57G   0.02857   0.03071 0.0002422   0.05952        50       416     0.959    0.8891     0.959    0.7362   0.02863   0.03325 0.0004814
   240/299     6.57G   0.02846   0.03164 0.0002446   0.06035        78       416     0.949     0.899    0.9599    0.7363   0.02877   0.03321   0.00048
   241/299     6.57G   0.02819   0.03319 0.0002238    0.0616        82       416    0.9562    0.8847    0.9545    0.7349    0.0288    0.0337 0.0004809
   242/299     6.57G   0.02751    0.0315 0.0002452   0.05926        54       416    0.9592    0.8778    0.9499    0.7169   0.02982   0.03431 0.0004786
   243/299     6.57G   0.02846   0.03127 0.0002603   0.05999        40       416    0.9703    0.8848    0.9596    0.7373   0.02831    0.0328  0.000456
   244/299     6.57G   0.02758   0.03082 0.0002341   0.05863        43       416    0.9607    0.8959    0.9618    0.7418    0.0281   0.03292 0.0004515
   245/299     6.57G   0.02724   0.03006 0.0002306   0.05753        45       416    0.9663    0.8796    0.9541    0.7241   0.02889   0.03353 0.0004637
   246/299     6.57G   0.02758   0.03137 0.0002451    0.0592        59       416    0.9676    0.8792    0.9547    0.7352   0.02818   0.03309 0.0004526
   247/299     6.57G   0.02836   0.03003  0.000284   0.05867        56       416    0.9675    0.8836    0.9564    0.7393   0.02831   0.03349 0.0004536
   248/299     6.57G   0.02795   0.03108 0.0002534   0.05929        65       416    0.9371    0.9115    0.9641    0.7415   0.02856   0.03271 0.0004452
   249/299     6.57G   0.02811   0.03016 0.0002787   0.05854        67       416    0.9586    0.8905    0.9595    0.7374   0.02884   0.03325 0.0004595
   250/299     6.57G   0.02787   0.03002 0.0002468   0.05813        53       416    0.9625    0.8784    0.9515     0.733   0.02863   0.03405 0.0004828
   251/299     6.57G     0.028   0.03324 0.0002253   0.06147        98       416    0.9594    0.8881    0.9569    0.7369   0.02862    0.0333 0.0004644
   252/299     6.57G   0.02764   0.03142 0.0002117   0.05927        68       416    0.9572    0.8924    0.9615    0.7425   0.02838   0.03299 0.0004418
   253/299     6.57G   0.02792   0.02991 0.0002285   0.05806        28       416    0.9558     0.894     0.958    0.7391   0.02828   0.03357 0.0004466
   254/299     6.57G   0.02882   0.03172 0.0002465   0.06079        34       416    0.9438    0.8995    0.9578    0.7443   0.02788    0.0332 0.0004601
   255/299     6.57G   0.02824   0.03086 0.0002198   0.05931        44       416    0.9544    0.8918    0.9556     0.738   0.02872   0.03441 0.0004708
   256/299     6.57G   0.02797    0.0312 0.0002204    0.0594        43       416    0.9584    0.8902    0.9599    0.7429   0.02841   0.03344  0.000462
   257/299     6.57G   0.02814   0.03086  0.000222   0.05923        59       416    0.9542    0.8893    0.9568    0.7385   0.02809   0.03365 0.0004722
   258/299     6.57G   0.02788   0.03013 0.0002233   0.05823        48       416    0.9586    0.8919    0.9588     0.742   0.02797   0.03321 0.0004621
   259/299     6.57G   0.02771   0.03112 0.0002147   0.05905        53       416    0.9628    0.8888    0.9617    0.7465   0.02796   0.03284 0.0004444
   260/299     6.57G   0.02846   0.03146 0.0002124   0.06013        83       416    0.9581    0.8925    0.9621    0.7469   0.02769   0.03282 0.0004372
   261/299     6.57G   0.02911   0.03042 0.0002178   0.05974        51       416    0.9499    0.8963    0.9595    0.7418   0.02807   0.03275 0.0004353
   262/299     6.57G   0.02764   0.02969 0.0002174   0.05755        20       416    0.9642    0.8812    0.9574    0.7349   0.02846   0.03339 0.0004402
   263/299     6.57G   0.02852   0.03095 0.0002074   0.05967        44       416    0.9532    0.8916    0.9585    0.7392   0.02836   0.03303  0.000433
   264/299     6.57G   0.02736   0.03027  0.000212   0.05785        30       416      0.95    0.9008    0.9613    0.7436   0.02802   0.03253 0.0004386
   265/299     6.57G   0.02819   0.03102 0.0002291   0.05944        51       416    0.9494    0.8953    0.9603     0.739   0.02813   0.03286 0.0004376
   266/299     6.57G   0.02796    0.0306 0.0002252   0.05879        54       416    0.9472    0.9015    0.9632    0.7462   0.02783   0.03243 0.0004302
   267/299     6.57G   0.02804   0.03038 0.0002007   0.05863        25       416    0.9415    0.9083    0.9647    0.7492    0.0278    0.0323   0.00043
   268/299     6.57G   0.02802   0.03019  0.000235   0.05845        38       416    0.9554    0.8931    0.9611    0.7423   0.02813   0.03291 0.0004372
   269/299     6.57G   0.02848   0.03057 0.0002057   0.05925        37       416    0.9545    0.8951    0.9624    0.7399   0.02806    0.0324 0.0004306
   270/299     6.57G   0.02762   0.03009 0.0002493   0.05796        18       416    0.9391    0.9024    0.9588    0.7419   0.02775   0.03282 0.0004317
   271/299     6.57G   0.02813    0.0321 0.0002211   0.06045        57       416    0.9641     0.881    0.9567    0.7386   0.02803   0.03324 0.0004279
   272/299     6.57G   0.02748   0.03117 0.0002037   0.05885        50       416    0.9641     0.886    0.9621    0.7478     0.028   0.03296 0.0004277
   273/299     6.57G   0.02741   0.03025 0.0002117   0.05787        40       416    0.9564    0.8974    0.9627    0.7448   0.02792   0.03289 0.0004202
   274/299     6.57G   0.02788   0.03094  0.000246   0.05906        51       416    0.9564    0.8929    0.9616    0.7447   0.02801   0.03289 0.0004262
   275/299     6.57G   0.02768   0.03095 0.0002231   0.05885        51       416    0.9563    0.8924    0.9602    0.7438   0.02779   0.03285 0.0004304
   276/299     6.57G   0.02723   0.03028 0.0002256   0.05774        37       416    0.9622     0.887    0.9578    0.7422   0.02802   0.03316 0.0004344
   277/299     6.57G   0.02784    0.0316 0.0002162   0.05966        49       416    0.9609     0.893    0.9609    0.7504   0.02762   0.03261 0.0004214
   278/299     6.57G   0.02703    0.0298 0.0002036   0.05704        27       416    0.9591     0.895    0.9601    0.7434   0.02813   0.03306 0.0004241
   279/299     6.57G   0.02804   0.03171 0.0002184   0.05997        56       416     0.953    0.8952    0.9578    0.7421   0.02796   0.03313  0.000438
   280/299     6.57G   0.02793   0.03164  0.000203   0.05977        38       416    0.9607      0.89    0.9591    0.7428   0.02787   0.03305 0.0004391
   281/299     6.57G   0.02782   0.03115 0.0002083   0.05919        50       416    0.9456    0.9055    0.9644    0.7513   0.02763   0.03277 0.0004285
   282/299     6.57G   0.02753   0.03123 0.0001986   0.05896        57       416    0.9551    0.8963    0.9604     0.744   0.02793   0.03307 0.0004388
   283/299     6.57G   0.02735    0.0303 0.0001998   0.05785        45       416    0.9504    0.8956    0.9566    0.7351    0.0282   0.03349 0.0004464
   284/299     6.57G   0.02801   0.03133 0.0002244   0.05957        63       416     0.961    0.8917     0.961    0.7393   0.02811   0.03296 0.0004308
   285/299     6.57G   0.02786   0.03048 0.0002299   0.05857        29       416    0.9598    0.8918    0.9599    0.7372   0.02834     0.033 0.0004224
   286/299     6.57G   0.02731   0.02924 0.0001963   0.05675        34       416    0.9661     0.875    0.9542    0.7394   0.02789   0.03345  0.000432
   287/299     6.57G   0.02718    0.0307 0.0001999   0.05809        56       416    0.9542    0.8932    0.9577    0.7384   0.02822    0.0334 0.0004301
   288/299     6.57G   0.02671   0.02935 0.0002018   0.05627        25       416    0.9459    0.9049     0.962    0.7325   0.02875   0.03284 0.0004229
   289/299     6.57G   0.02902   0.03173 0.0002427   0.06099        62       416    0.9604    0.8923     0.962    0.7466   0.02788    0.0326 0.0004167
   290/299     6.57G   0.02764   0.03023 0.0001851   0.05805        56       416     0.945    0.9045    0.9623    0.7496   0.02767   0.03256 0.0004174
   291/299     6.57G   0.02857   0.03076 0.0001875   0.05952        74       416    0.9467    0.9047    0.9622    0.7486   0.02774   0.03263 0.0004203
   292/299     6.57G   0.02719   0.03023  0.000219   0.05764        34       416    0.9556    0.8991    0.9637    0.7503   0.02768   0.03239 0.0004145
   293/299     6.57G   0.02845   0.03173 0.0001898   0.06037        87       416    0.9631    0.8866     0.958    0.7439   0.02791    0.0334 0.0004169
   294/299     6.57G   0.02798   0.03055 0.0002147   0.05875        58       416    0.9476    0.9019    0.9588    0.7432    0.0279   0.03285 0.0004122
   295/299     6.57G   0.02739   0.02916 0.0002015   0.05675        31       416    0.9689    0.8843    0.9591    0.7393   0.02838   0.03293 0.0004176
   296/299     6.57G    0.0269    0.0295 0.0002118   0.05661        47       416     0.959    0.8942    0.9622    0.7492   0.02776   0.03269  0.000416
   297/299     6.57G   0.02754   0.03045 0.0001996    0.0582        37       416     0.973    0.8809    0.9606    0.7407   0.02836   0.03278 0.0004116
   298/299     6.57G   0.02775   0.03101 0.0001989   0.05896        79       416    0.9549    0.8904    0.9574    0.7427   0.02775   0.03287 0.0004109
   299/299     6.57G   0.02729   0.03068 0.0001983   0.05817        55       416    0.9586    0.8911    0.9587    0.7441   0.02778    0.0331  0.000405
